42
3
1
2
35
4
0
2
3
5
4
0
1
6
3
6
5
1
2
6
7
4
3
5
3
7
4
12
1
3
4
4
2
3
7
8
3
4
3
6
2
6
9
3
8
10
11
3
19
11
9
2
9
10
2
5
13
4
12
14
15
17
2
13
18
4
13
18
16
17
5
15
18
20
19
17
4
13
15
16
19
6
14
15
16
25
27
26
5
17
16
20
21
10
5
16
25
22
21
19
4
19
20
22
23
4
20
24
23
21
3
21
22
24
2
22
23
4
18
27
28
20
3
18
31
27
6
18
26
31
29
28
25
4
25
27
29
30
5
34
31
27
28
30
3
29
28
37
6
26
27
29
34
33
32
3
31
33
35
4
34
31
32
35
5
36
29
31
33
35
5
0
32
33
34
36
2
35
34
3
30
38
39
3
37
39
40
3
37
38
40
3
38
41
39
1
40
